{
    "accuracy": 0.635,
    "precision": 0.6167582066626184,
    "recall": 0.635,
    "f1_score": 0.6141430336127133
}